1757945442240 0.009317518211901188 0
1757945443442 0.0033475151285529137 1
1757945444506 0.002102440223097801 2
1757945445552 0.0015275495825335383 3
1757945446605 0.00118837330956012 4
1757945447653 0.0008659356972202659 5
1757945448729 0.000609378854278475 6
1757945449790 0.00041885513928718865 7
1757945450837 0.00031521450728178024 8
1757945451899 0.0002585816546343267 9
1757945452960 0.00021185264631640166 10
1757945454012 0.00018136929429601878 11
1757945455117 0.00016131048323586583 12
1757945456179 0.00014201390149537474 13
1757945457185 0.00012792256893590093 14
1757945458340 0.0001145917340181768 15
1757945459526 0.00010650964395608753 16
1757945460605 9.91241104202345e-05 17
1757945461664 8.970182534540072e-05 18
1757945462690 7.961548544699326e-05 19
1757945463801 6.933773693162948e-05 20
1757945464863 6.569610559381545e-05 21
1757945465922 5.8386154705658555e-05 22
1757945466990 5.3569921874441206e-05 23
1757945468090 5.140079520060681e-05 24
1757945469220 4.907952097710222e-05 25
1757945470261 4.4925309339305386e-05 26
1757945471335 4.1037885239347816e-05 27
1757945472402 3.9377551729558036e-05 28
1757945473419 3.8386977394111454e-05 29
1757945474535 3.413420563447289e-05 30
1757945475653 3.393517545191571e-05 31
1757945476726 3.279594602645375e-05 32
1757945477744 3.2539352105231956e-05 33
1757945478782 2.8549407943501137e-05 34
1757945479899 2.715997106861323e-05 35
1757945480941 2.7939959181821905e-05 36
1757945482014 2.5398723664693534e-05 37
1757945483027 2.4304386897711083e-05 38
1757945484128 2.5510720661259256e-05 39
1757945485189 2.2645674107479863e-05 40
1757945486219 2.1913798263994977e-05 41
1757945487295 1.9511599020916037e-05 42
1757945488318 1.812797927414067e-05 43
1757945489414 1.8138211089535616e-05 44
1757945490532 1.566706305311527e-05 45
1757945491653 1.602457086846698e-05 46
1757945492715 1.5533876648987643e-05 47
1757945493746 1.5054363757371902e-05 48
1757945494775 1.7027954527293332e-05 49
1757945442240 0.009317518211901188 0
