1757945442240 0.06151903048157692 0
1757945443442 0.04195654019713402 1
1757945444506 0.03268352150917053 2
1757945445552 0.027522064745426178 3
1757945446605 0.024044563993811607 4
1757945447653 0.01961035095155239 5
1757945448729 0.015695951879024506 6
1757945449790 0.011829988099634647 7
1757945450837 0.009866549633443356 8
1757945451899 0.008975299075245857 9
1757945452960 0.008152631111443043 10
1757945454012 0.007530587259680033 11
1757945455117 0.007251307368278503 12
1757945456179 0.006789332255721092 13
1757945457185 0.006447393912822008 14
1757945458340 0.006141090299934149 15
1757945459526 0.0059169139713048935 16
1757945460605 0.005766149610280991 17
1757945461664 0.005595948081463575 18
1757945462690 0.005023143254220486 19
1757945463801 0.004444404039531946 20
1757945464863 0.004398488439619541 21
1757945465922 0.004040536470711231 22
1757945466990 0.0039040136616677046 23
1757945468090 0.0038877222687005997 24
1757945469220 0.004013549070805311 25
1757945470261 0.0037808376364409924 26
1757945471335 0.0035490652080625296 27
1757945472402 0.003526449203491211 28
1757945473419 0.003586557460948825 29
1757945474535 0.00324245635420084 30
1757945475653 0.003329947590827942 31
1757945476726 0.003340506926178932 32
1757945477744 0.0033229561522603035 33
1757945478782 0.0030216327868402004 34
1757945479899 0.0029883533716201782 35
1757945480941 0.0031966017559170723 36
1757945482014 0.0029341469053179026 37
1757945483027 0.0029170201160013676 38
1757945484128 0.003186213318258524 39
1757945485189 0.0028551416471600533 40
1757945486219 0.002894194331020117 41
1757945487295 0.002603203756734729 42
1757945488318 0.002530248137190938 43
1757945489414 0.002562244888395071 44
1757945490532 0.00240002921782434 45
1757945491653 0.0024678949266672134 46
1757945492715 0.0024505802430212498 47
1757945493746 0.0024621940683573484 48
1757945494775 0.0027771375607699156 49
1757945442240 0.06151903048157692 0
