1757945717208 0.010462373495101929 0
1757945718266 0.0038462665397673845 1
1757945719304 0.002483332995325327 2
1757945720346 0.0017717811278998852 3
1757945721409 0.0012271482264623046 4
1757945722449 0.0007981947273947299 5
1757945723500 0.0005423355032689869 6
1757945724561 0.000408154766773805 7
1757945725634 0.0003235801705159247 8
1757945726686 0.00027589857927523553 9
1757945727733 0.00023411733855027705 10
1757945728783 0.00020544797007460147 11
1757945729836 0.00017704138008411974 12
1757945730903 0.00015920940495561808 13
1757945732013 0.000137199618620798 14
1757945733059 0.00013178611698094755 15
1757945734109 0.00011695837019942701 16
1757945735176 0.00010475000453880057 17
1757945736239 9.740781388245523e-05 18
1757945737297 8.664732740726322e-05 19
1757945738352 7.885554077802226e-05 20
1757945739399 7.292495865840465e-05 21
1757945740402 6.615989696001634e-05 22
1757945741470 6.46276748739183e-05 23
1757945742478 6.020455475663766e-05 24
1757945743544 5.459972089738585e-05 25
1757945744608 5.1933271606685594e-05 26
1757945745683 4.9260106607107446e-05 27
1757945746746 4.566283314488828e-05 28
1757945747817 4.3964679207419977e-05 29
1757945748832 4.319553772802465e-05 30
1757945749888 3.7968286051182076e-05 31
1757945750894 3.8472364394692704e-05 32
1757945751957 3.228674177080393e-05 33
1757945753017 3.480765371932648e-05 34
1757945754021 2.9417693440336734e-05 35
1757945755087 3.418525739107281e-05 36
1757945756111 3.0145698474370874e-05 37
1757945757120 2.7813790438813157e-05 38
1757945758120 2.7757016141549684e-05 39
1757945759133 2.742120523180347e-05 40
1757945760164 2.687577398319263e-05 41
1757945761230 2.4581368052167818e-05 42
1757945762252 2.4667939214850776e-05 43
1757945763257 2.2551505026058294e-05 44
1757945764384 2.2617368813371286e-05 45
1757945765505 2.067671448457986e-05 46
1757945766564 2.1302845198079012e-05 47
1757945767628 1.870430241979193e-05 48
1757945768739 1.7134012523456477e-05 49
1757945717208 0.010462373495101929 0
