1757945717208 0.0641803964972496 0
1757945718266 0.045767415314912796 1
1757945719304 0.03650454431772232 2
1757945720346 0.029800528660416603 3
1757945721409 0.0238764937967062 4
1757945722449 0.018034711480140686 5
1757945723500 0.01378671545535326 6
1757945724561 0.01153466384857893 7
1757945725634 0.010142676532268524 8
1757945726686 0.009440608322620392 9
1757945727733 0.008674291893839836 10
1757945728783 0.008267873898148537 11
1757945729836 0.007381048984825611 12
1757945730903 0.0070322006940841675 13
1757945732013 0.006506112404167652 14
1757945733059 0.006683281622827053 15
1757945734109 0.00609160028398037 16
1757945735176 0.005591569934040308 17
1757945736239 0.005405951291322708 18
1757945737297 0.004988426808267832 19
1757945738352 0.0048259044997394085 20
1757945739399 0.004577673505991697 21
1757945740402 0.004221356939524412 22
1757945741470 0.004391338676214218 23
1757945742478 0.004248023498803377 24
1757945743544 0.0039492216892540455 25
1757945744608 0.003784740576520562 26
1757945745683 0.003809394547715783 27
1757945746746 0.003635676112025976 28
1757945747817 0.0036467721220105886 29
1757945748832 0.0037447086069732904 30
1757945749888 0.0033395460341125727 31
1757945750894 0.003488370683044195 32
1757945751957 0.0029978856910020113 33
1757945753017 0.0033653387799859047 34
1757945754021 0.0028970090206712484 35
1757945755087 0.003464041044935584 36
1757945756111 0.003117478219792247 37
1757945757120 0.002888418734073639 38
1757945758120 0.0030517990235239267 39
1757945759133 0.0030341725796461105 40
1757945760164 0.0030362852849066257 41
1757945761230 0.002793477848172188 42
1757945762252 0.00292257615365088 43
1757945763257 0.00279310904443264 44
1757945764384 0.002834874903783202 45
1757945765505 0.0026327527593821287 46
1757945766564 0.0027970203664153814 47
1757945767628 0.002586678834632039 48
1757945768739 0.0023684040643274784 49
1757945717208 0.0641803964972496 0
