1757946317575 0.008339944295585155 0
1757946318984 0.0020913248881697655 1
1757946320259 0.0012131426483392715 2
1757946321633 0.00061476428527385 3
1757946322873 0.0003289198793936521 4
1757946324107 0.00021253038721624762 5
1757946325354 0.00016061750648077577 6
1757946326645 0.00012671685544773936 7
1757946327926 0.0001147985240095295 8
1757946329179 9.386312012793496e-05 9
1757946330447 8.363254164578393e-05 10
1757946331728 7.70102851674892e-05 11
1757946332996 6.563808710779995e-05 12
1757946334258 7.043922960292548e-05 13
1757946335534 5.282245547277853e-05 14
1757946336713 5.101224815007299e-05 15
1757946337971 4.901291322312318e-05 16
1757946339047 4.60269620816689e-05 17
1757946340119 4.511547740548849e-05 18
1757946341518 4.037316466565244e-05 19
1757946342627 3.484447006485425e-05 20
1757946344033 3.977050437242724e-05 21
1757946345674 3.272040339652449e-05 22
1757946347411 3.17549602186773e-05 23
1757946348514 3.6655128496931866e-05 24
1757946349604 3.0768052965868264e-05 25
1757946350885 2.718790710787289e-05 26
1757946352020 4.411579720908776e-05 27
1757946353089 3.162956272717565e-05 28
1757946354167 2.3506056095357053e-05 29
1757946355457 2.4433618818875402e-05 30
1757946356645 2.4966149794636294e-05 31
1757946357908 2.1231058781268075e-05 32
1757946359360 2.2310794520308264e-05 33
1757946360563 3.2112420740304515e-05 34
1757946361667 2.8508766263257712e-05 35
1757946362750 1.960661575139966e-05 36
1757946363954 2.4276347176055424e-05 37
1757946365347 2.2152220481075346e-05 38
1757946366718 2.7450849302113056e-05 39
1757946368039 2.024394962063525e-05 40
1757946369259 2.8948616090929136e-05 41
1757946370423 1.586405596754048e-05 42
1757946371869 1.7680598830338567e-05 43
1757946373048 1.6047590179368854e-05 44
1757946374212 2.0167497496004216e-05 45
1757946375799 2.5764389647520147e-05 46
1757946377100 2.6283109036739916e-05 47
1757946378224 1.8550999811850488e-05 48
1757946379500 1.6157182471943088e-05 49
1757946317575 0.008339944295585155 0
