1757946317575 0.05941539257764816 0
1757946318984 0.03270568698644638 1
1757946320259 0.02455190010368824 2
1757946321633 0.015277980826795101 3
1757946322873 0.010334738530218601 4
1757946324107 0.007905217818915844 5
1757946325354 0.006968870293349028 6
1757946326645 0.006279041990637779 7
1757946327926 0.006215505767613649 8
1757946329179 0.005443665198981762 9
1757946330447 0.005367086734622717 10
1757946331728 0.005274297669529915 11
1757946332996 0.004652253817766905 12
1757946334258 0.00530916266143322 13
1757946335534 0.004245126154273748 14
1757946336713 0.00430472195148468 15
1757946337971 0.004271822981536388 16
1757946339047 0.004220157396048307 17
1757946340119 0.004213288426399231 18
1757946341518 0.0039708479307591915 19
1757946342627 0.0035710602533072233 20
1757946344033 0.003972700797021389 21
1757946345674 0.003425808157771826 22
1757946347411 0.0036701359786093235 23
1757946348514 0.0040791635401546955 24
1757946349604 0.0035953917540609837 25
1757946350885 0.0031370208598673344 26
1757946352020 0.00481122313067317 27
1757946353089 0.0037643215619027615 28
1757946354167 0.0030372091569006443 29
1757946355457 0.003179354127496481 30
1757946356645 0.003293497022241354 31
1757946357908 0.0029707166831940413 32
1757946359360 0.003063217969611287 33
1757946360563 0.003896878333762288 34
1757946361667 0.0035369726829230785 35
1757946362750 0.0029997555539011955 36
1757946363954 0.0033828048035502434 37
1757946365347 0.003361059119924903 38
1757946366718 0.003691514488309622 39
1757946368039 0.003111761761829257 40
1757946369259 0.0036444258876144886 41
1757946370423 0.002755409572273493 42
1757946371869 0.0029069362208247185 43
1757946373048 0.0027030298952013254 44
1757946374212 0.003197662765160203 45
1757946375799 0.0036838450469076633 46
1757946377100 0.0035224484745413065 47
1757946378224 0.0030144795309752226 48
1757946379500 0.0027164570055902004 49
1757946317575 0.05941539257764816 0
