1757948375031 0.009838626720011234 0
1757948379647 0.0019991672597825527 1
1757948384563 0.0012241562362760305 2
1757948389194 0.0006211551371961832 3
1757948393780 0.0003484223852865398 4
1757948398143 0.00022139759676065296 5
1757948402486 0.00016237756062764674 6
1757948406855 0.00014255079440772533 7
1757948411287 0.00010048948024632409 8
1757948416298 7.842035847716033e-05 9
1757948420937 7.316404662560672e-05 10
1757948426055 6.319516978692263e-05 11
1757948431311 5.864976265002042e-05 12
1757948435874 5.208613947615959e-05 13
1757948441221 4.479730341699906e-05 14
1757948446262 4.561978857964277e-05 15
1757948451273 3.78522599930875e-05 16
1757948455725 3.7954301660647616e-05 17
1757948460083 3.567444218788296e-05 18
1757948465123 3.243860919610597e-05 19
1757948470734 3.133505015284754e-05 20
1757948475196 3.13838136207778e-05 21
1757948480262 3.0321798476506956e-05 22
1757948484747 3.153107172693126e-05 23
1757948490237 3.319773531984538e-05 24
1757948495684 2.458013841533102e-05 25
1757948501297 2.9052085665171035e-05 26
1757948506219 2.5841674869298004e-05 27
1757948510992 2.216080429207068e-05 28
1757948515743 2.019319435930811e-05 29
1757948520042 1.8056151020573452e-05 30
1757948524248 1.9681803678395227e-05 31
1757948528817 2.986673280247487e-05 32
1757948533573 2.08903438760899e-05 33
1757948537917 1.6107615010696463e-05 34
1757948542385 1.6611578757874668e-05 35
1757948547808 1.5569525203318335e-05 36
1757948552936 1.6343699826393276e-05 37
1757948557585 1.6121523003675975e-05 38
1757948561855 1.4913957784301601e-05 39
1757948375031 0.009838626720011234 0
