1757948375031 0.06162767484784126 0
1757948379647 0.03197378292679787 1
1757948384563 0.02482694573700428 2
1757948389194 0.015525123104453087 3
1757948393780 0.010874600149691105 4
1757948398143 0.00788173172622919 5
1757948402486 0.006841993425041437 6
1757948406855 0.0068607088178396225 7
1757948411287 0.005109503399580717 8
1757948416298 0.004390014335513115 9
1757948420937 0.0046514831483364105 10
1757948426055 0.004277307540178299 11
1757948431311 0.004376544151455164 12
1757948435874 0.004198406357318163 13
1757948441221 0.0036928101908415556 14
1757948446262 0.003929935861378908 15
1757948451273 0.0034449235536158085 16
1757948455725 0.0037438422441482544 17
1757948460083 0.0035807436797767878 18
1757948465123 0.0034195969346910715 19
1757948470734 0.0032507546711713076 20
1757948475196 0.003433285979554057 21
1757948480262 0.003540510544553399 22
1757948484747 0.003649367718026042 23
1757948490237 0.0036599424201995134 24
1757948495684 0.0029746706131845713 25
1757948501297 0.0035479411017149687 26
1757948506219 0.0033925464376807213 27
1757948510992 0.003074713284149766 28
1757948515743 0.0028692216146737337 29
1757948520042 0.0026625951286405325 30
1757948524248 0.002896987833082676 31
1757948528817 0.003672895021736622 32
1757948533573 0.0029609191697090864 33
1757948537917 0.002673007780686021 34
1757948542385 0.002821887843310833 35
1757948547808 0.002624551998451352 36
1757948552936 0.0027832300402224064 37
1757948557585 0.0027284822426736355 38
1757948561855 0.0026219182182103395 39
1757948375031 0.06162767484784126 0
